----
Test on the interior
----

3
2
11 16 12
16 12 9
12 9 12
7 0 2
0 8 14
2 14 1
35 16
100


---------
Test on edge
---------

4
6
1 0 0 0
0 0 0 0
0 0 0 0
0 0 0 0
0 -1  0  0
-1  2  0  0
0  0  0  0
0  0  0  0
0  0 -1  0
0  0  0  0
-1  0  2  0
0  0  0  0
0  0  0 -1
0  0  0  0
0  0  0  0
-1  0  0  2
0  1  1  0
1  0 -1  0
1 -1  0  0
0  0  0  0
0  1  0  1
1  0  0 -1
0  0  0  0
1 -1  0  0
1 0 0 0 2 2
10000

---------
test with one constraint
---------
4
1
1 2 3 1
2 4 2 1
3 2 1 1
1 1 1 10
50
100

---------
test with one constraint 2
---------
4
1
1 0 0 0
0 0 0 0
0 0 0 0
0 0 0 0
0
100